0.0461761
0.0441038
0.0445761
0.042501
0.0406584
0.0386662
0.0370563
0.0359965
0.0347838
0.0336631
0.0327221
0.0316887
0.0310164
0.0292565
0.028428
0.0278401
0.0264604
0.0257973
0.0256739
0.0255525
0.0249733
0.0243713
0.0240933
0.0233159
0.022455
0.021596
0.0223212
0.0212364
0.0205606
0.0200397
0.0198524
0.0196198
0.0187551
0.0188609
0.018217
0.0181015
0.0175465
0.0174056
0.0172712
0.0167966
0.0169226
0.0160092
0.015637
0.0161238
0.015209
0.0150805
0.0151948
0.0149895
0.0145042
0.0143028
0.0141385
0.0141313
0.0138813
0.0137815
0.0135917
0.013434
0.0130931
0.0129657
0.0127852
0.0126265
0.0125215
0.0122905
0.012235
0.0120779
0.0116915
0.0117678
0.0115021
0.0115344
0.0111875
0.0112319
0.0110637
0.0109013
0.010894
0.0108911
0.0106831
0.0103993
0.0104163
0.0101723
0.0102733
0.0100775
0.00993862
0.0098376
0.00986398
0.00977733
0.00961965
0.00953496
0.00945094
0.0093341
0.00935059
0.00920222
