0.0526316
0.05
0.05
0.047619
0.0454545
0.0416667
0.04
0.04
0.0384615
0.037037
0.0357143
0.0344828
0.0333333
0.03125
0.030303
0.030303
0.0285714
0.0277778
0.027027
0.027027
0.0263158
0.025641
0.025641
0.0243902
0.0238095
0.0227273
0.0232558
0.0222222
0.0217391
0.0208333
0.0208333
0.0204082
0.0196078
0.0196078
0.0188679
0.0188679
0.0181818
0.0181818
0.0178571
0.0175439
0.0175439
0.0166667
0.016129
0.0166667
0.015625
0.015625
0.015625
0.0153846
0.0149254
0.0147059
0.0144928
0.0144928
0.0142857
0.0140845
0.0138889
0.0138889
0.0135135
0.0133333
0.0131579
0.012987
0.0128205
0.0126582
0.0125
0.0123457
0.0120482
0.0120482
0.0117647
0.0117647
0.0114943
0.0114943
0.0113636
0.0111111
0.0111111
0.0111111
0.0108696
0.0106383
0.0106383
0.0104167
0.0105263
0.0103093
0.010101
0.01
0.010101
0.01
0.00980392
0.00970874
0.00961538
0.00952381
0.00952381
0.00934579
