0.0485299
0.0462513
0.046721
0.0444452
0.0424205
0.040284
0.0385325
0.0373897
0.0360733
0.034875
0.0338513
0.0327465
0.0320484
0.0301512
0.0292786
0.0286603
0.02721
0.0264953
0.0263663
0.0262372
0.025613
0.0249927
0.0247104
0.0238914
0.0229812
0.0220799
0.0228425
0.021719
0.0210059
0.0204565
0.0202627
0.0200258
0.0191206
0.0192295
0.0185587
0.0184397
0.0178641
0.0177158
0.0175836
0.0170893
0.0172183
0.0162748
0.015888
0.0163929
0.0154406
0.0153119
0.015434
0.0152214
0.0147176
0.014514
0.0143472
0.0143312
0.0140711
0.0139731
0.0137782
0.0136249
0.0132784
0.0131391
0.0129557
0.0127897
0.0126815
0.0124442
0.0123913
0.0122269
0.0118339
0.0119084
0.0116317
0.0116718
0.011315
0.0113596
0.0111898
0.011023
0.0110156
0.0110153
0.010801
0.0105111
0.010526
0.0102786
0.010381
0.0101813
0.0100384
0.00993638
0.00996262
0.0098714
0.00971325
0.0096297
0.00954047
0.00942055
0.00943843
0.00928744
