0.0502513
0.0478583
0.045683
0.0436967
0.041876
0.040201
0.0386548
0.0372232
0.0358938
0.034656
0.0335008
0.0324202
0.031407
0.0304553
0.0295596
0.028715
0.0279174
0.0271628
0.026448
0.0257699
0.0251256
0.0245128
0.0239292
0.0233727
0.0228415
0.0223339
0.0218484
0.0213835
0.020938
0.0205107
0.0201005
0.0197064
0.0193274
0.0189627
0.0186116
0.0182732
0.0179469
0.017632
0.017328
0.0170343
0.0167504
0.0164758
0.0162101
0.0159528
0.0157035
0.0154619
0.0152277
0.0150004
0.0147798
0.0145656
0.0143575
0.0141553
0.0139587
0.0137675
0.0135814
0.0134003
0.013224
0.0130523
0.0128849
0.0127218
0.0125628
0.0124077
0.0122564
0.0121087
0.0119646
0.0118238
0.0116863
0.011552
0.0114207
0.0112924
0.0111669
0.0110442
0.0109242
0.0108067
0.0106918
0.0105792
0.010469
0.0103611
0.0102554
0.0101518
0.0100503
0.00995074
0.00985319
0.00975753
0.0096637
0.00957167
0.00948137
0.00939276
0.00930579
0.00922041
